cameraMatrix: [1078.484999341053, 0, 625.9633779180273, 1078.484999341053, 0, 625.9633779180273, 0, 0, 1]
distCoeffs: [-1.540906796831743, 134.908463989401, 0.01282770439354543, -0.002652517313556078, 1.381466014850512]